1
51
-4.91 0.46
-4.54 0.10
-4.03 -0.27
-3.13 -0.88
-3.16 -1.76
-2.77 -1.36
-2.49 -0.79
-2.03 -0.7
-1.72 -0.8
-1.8 -1.0
-1.31 -0.72
-0.6 -0.84
-0.26 -1.2
0.15 -0.98
1.02 -1.12
1.62 -1.18
1.5 -1.32
1.07 -1.62
0.8 -1.82
1.35 -1.7
1.8 -1.55
2.1  -1.43
2.45 -1.24
2.81 -1.27
3.25 -1.26
3.8 -1.2
4.1 -1.13
4.62 -0.98
4.68 -0.89
4.65 -0.78
4.25 -0.58
3.86 -0.44
3.41 -0.27
2.84 -0.02
2.32 0.21
2.08 0.38
1.68 1.0
1.35 1.39
1.13 1.49
1.1 1.12
1.12 0.84
1.1 0.62
0.85 0.44
-0.2 0.32
-1.399 0.1
-1.77 0.19
-1.9 -0.1
-2.68 -0.54
-3.55 -0.12
-4.39 0.19
-4.91 0.46
