6
9
4.7 3.8
7.5 2.9
9.8 3.6
10.4 5.9
8.3 6.0
9.1 4.7
8.1 4.6
7.3 5.0
4.7 3.8
9
13.9 3.9
16.6 5.1
18.0 8.0
15.7 9.7
14.4 8.0
15.6 8.0
16.4 7.3
15.0 6.7
13.9 3.9
9
5.8 16.9
9.0 16.0
11.0 17.1
11.0 16.1
10.4 15.1
12.3 15.4
11.9 17.5
8.9 18.0
5.8 16.9
9
1.0 7.5
3.2 9.7
3.2 10.7
3.8 11.6
5.0 10.3
5.6 12.1
3.2 12.5
1.1 10.3
1.0 7.5
15
8.3 6.0
10.4 5.9
11.8 6.4
14.4 8.0
15.7 9.7
16.1 11.6
14.4 14.8
12.3 15.4
10.4 15.1
7.7 14.0
5.6 12.1
5.0 10.3
4.9 8.1
5.6 7.0
8.3 6.0
5
15.7 12.3
17.8 13.1
19.1 15.2
16.7 15.2
14.8 14.0